id0: cat
id1: Qwert
id2: 3.0
id3: 765.0
id4: 123.02
id5: 33.0
id6: 20.799999999999997
id7: 2.0
id8: 5.3999999999999995
id9: 9.0
id10: 3.8000000000000003
id11: 3.0
id12: 2.0